Starting PMXViewer v0.1
Model loaded
Quat Matrix: 
1 0 0 0
0 1 0 0
0 0 1 0
0 0 0 1

Quat Matrix: 
1 0 0 0
0 1 0 0
0 0 1 0
0 0 0 1

Quat Matrix: 
1 0 0 0
0 1 0 0
0 0 1 0
0 0 0 1

Quat Matrix: 
0.997551 0 0.0699428 0
0 1 0 0
-0.0699428 0 0.997551 0
0 0 0 1

Quat Matrix: 
1 0 0 0
0 1 0 0
0 0 1 0
0 0 0 1

Quat Matrix: 
1 0 0 0
0 1 0 0
0 0 1 0
0 0 0 1

Quat Matrix: 
0.963771 -0 -0.266731 0
0 1 -0 0
0.266731 0 0.963771 0
0 0 0 1

Quat Matrix: 
1 0 0 0
0 1 0 0
0 0 1 0
0 0 0 1

Quat Matrix: 
1 0 0 0
0 1 0 0
0 0 1 0
0 0 0 1

Quat Matrix: 
0.983844 -0 -0.17903 0
0 1 -0 0
0.17903 0 0.983844 0
0 0 0 1

Quat Matrix: 
1 0 0 0
0 1 0 0
0 0 1 0
0 0 0 1

Quat Matrix: 
1 0 0 0
0 1 0 0
0 0 1 0
0 0 0 1

Quat Matrix: 
0.690438 -0.622516 0.368467 0
0.6504 0.757178 0.0605057 0
-0.316661 0.197876 0.92767 0
0 0 0 1

Quat Matrix: 
1 0 0 0
0 1 0 0
0 0 1 0
0 0 0 1

Quat Matrix: 
1 0 0 0
0 1 0 0
0 0 1 0
0 0 0 1

Quat Matrix: 
1 0 0 0
0 1 0 0
0 0 1 0
0 0 0 1

Quat Matrix: 
1 0 0 0
0 1 0 0
0 0 1 0
0 0 0 1

Quat Matrix: 
1 0 0 0
0 1 0 0
0 0 1 0
0 0 0 1

Quat Matrix: 
1 0 0 0
0 1 0 0
0 0 1 0
0 0 0 1

Quat Matrix: 
1 0 0 0
0 1 0 0
0 0 1 0
0 0 0 1

Quat Matrix: 
1 0 0 0
0 1 0 0
0 0 1 0
0 0 0 1

Quat Matrix: 
1 0 0 0
0 1 0 0
0 0 1 0
0 0 0 1

Quat Matrix: 
0.896489 -0.184982 0.402604 0
0.207158 0.978236 -0.0118206 0
-0.391655 0.0939996 0.915298 0
0 0 0 1

Quat Matrix: 
0.936835 0.251406 0.243177 0
-0.274261 0.959481 0.0646363 0
-0.217074 -0.127248 0.967826 0
0 0 0 1

Quat Matrix: 
0.877063 -0.480374 0 0
0.480374 0.877063 0 0
0 0 1 0
0 0 0 1

Quat Matrix: 
0.836864 -0.547411 0 0
0.547411 0.836864 0 0
0 0 1 0
0 0 0 1

Quat Matrix: 
0.834914 -0.550381 0 0
0.550381 0.834914 0 0
0 0 1 0
0 0 0 1

Quat Matrix: 
0.873626 -0.486598 0 0
0.486598 0.873626 0 0
0 0 1 0
0 0 0 1

Quat Matrix: 
0.896745 -0.442548 0 0
0.442548 0.896745 0 0
0 0 1 0
0 0 0 1

Quat Matrix: 
0.808605 -0.588352 0 0
0.588352 0.808605 0 0
0 0 1 0
0 0 0 1

Quat Matrix: 
0.825002 -0.565129 0 0
0.565129 0.825002 0 0
0 0 1 0
0 0 0 1

Quat Matrix: 
0.911902 -0.410407 0 0
0.410407 0.911902 0 0
0 0 1 0
0 0 0 1

Quat Matrix: 
0.753212 -0.657779 0 0
0.657779 0.753212 0 0
0 0 1 0
0 0 0 1

Quat Matrix: 
0.878764 -0.477256 0 0
0.477256 0.878764 0 0
0 0 1 0
0 0 0 1

Quat Matrix: 
0.842653 -0.538457 0 0
0.538457 0.842653 0 0
0 0 1 0
0 0 0 1

Quat Matrix: 
0.834914 -0.550381 0 0
0.550381 0.834914 0 0
0 0 1 0
0 0 0 1

Quat Matrix: 
1 0 0 0
0 1 0 0
0 0 1 0
0 0 0 1

Quat Matrix: 
0.690438 0.622516 -0.368467 0
-0.6504 0.757178 0.0605057 0
0.316661 0.197876 0.92767 0
0 0 0 1

Quat Matrix: 
1 0 0 0
0 1 0 0
0 0 1 0
0 0 0 1

Quat Matrix: 
1 0 0 0
0 1 0 0
0 0 1 0
0 0 0 1

Quat Matrix: 
1 0 0 0
0 1 0 0
0 0 1 0
0 0 0 1

Quat Matrix: 
1 0 0 0
0 1 0 0
0 0 1 0
0 0 0 1

Quat Matrix: 
1 0 0 0
0 1 0 0
0 0 1 0
0 0 0 1

Quat Matrix: 
1 0 0 0
0 1 0 0
0 0 1 0
0 0 0 1

Quat Matrix: 
1 0 0 0
0 1 0 0
0 0 1 0
0 0 0 1

Quat Matrix: 
1 0 0 0
0 1 0 0
0 0 1 0
0 0 0 1

Quat Matrix: 
1 0 0 0
0 1 0 0
0 0 1 0
0 0 0 1

Quat Matrix: 
0.896489 0.184982 -0.402604 0
-0.207158 0.978236 -0.0118206 0
0.391655 0.0939996 0.915298 0
0 0 0 1

Quat Matrix: 
0.936835 -0.251406 -0.243177 0
0.274261 0.959481 0.0646363 0
0.217074 -0.127248 0.967826 0
0 0 0 1

Quat Matrix: 
0.877063 0.480374 -0 0
-0.480374 0.877063 0 0
0 0 1 0
0 0 0 1

Quat Matrix: 
0.836864 0.547411 -0 0
-0.547411 0.836864 0 0
0 0 1 0
0 0 0 1

Quat Matrix: 
0.834914 0.550381 -0 0
-0.550381 0.834914 0 0
0 0 1 0
0 0 0 1

Quat Matrix: 
0.873626 0.486598 -0 0
-0.486598 0.873626 0 0
0 0 1 0
0 0 0 1

Quat Matrix: 
0.896745 0.442548 -0 0
-0.442548 0.896745 0 0
0 0 1 0
0 0 0 1

Quat Matrix: 
0.808605 0.588352 -0 0
-0.588352 0.808605 0 0
0 0 1 0
0 0 0 1

Quat Matrix: 
0.825002 0.565129 -0 0
-0.565129 0.825002 0 0
0 0 1 0
0 0 0 1

Quat Matrix: 
0.911902 0.410407 -0 0
-0.410407 0.911902 0 0
0 0 1 0
0 0 0 1

Quat Matrix: 
0.753212 0.657779 -0 0
-0.657779 0.753212 0 0
0 0 1 0
0 0 0 1

Quat Matrix: 
0.878764 0.477256 -0 0
-0.477256 0.878764 0 0
0 0 1 0
0 0 0 1

Quat Matrix: 
0.842653 0.538457 -0 0
-0.538457 0.842653 0 0
0 0 1 0
0 0 0 1

Quat Matrix: 
0.834914 0.550381 -0 0
-0.550381 0.834914 0 0
0 0 1 0
0 0 0 1

Quat Matrix: 
0.945495 -0.0404033 -0.323119 0
0.125604 0.960737 0.247404 0
0.300437 -0.274504 0.913447 0
0 0 0 1

Quat Matrix: 
0.992809 0.00598311 -0.119562 0
0.0119513 0.988807 0.148721 0
0.119114 -0.14908 0.981625 0
0 0 0 1

Quat Matrix: 
1 0 0 0
0 1 0 0
0 0 1 0
0 0 0 1

Quat Matrix: 
1 0 0 0
0 1 0 0
0 0 1 0
0 0 0 1

Quat Matrix: 
1 0 0 0
0 1 0 0
0 0 1 0
0 0 0 1

Quat Matrix: 
1 0 0 0
0 1 0 0
0 0 1 0
0 0 0 1

Quat Matrix: 
1 0 0 0
0 1 0 0
0 0 1 0
0 0 0 1

Quat Matrix: 
1 0 0 0
0 1 0 0
0 0 1 0
0 0 0 1

Quat Matrix: 
1 0 0 0
0 1 0 0
0 0 1 0
0 0 0 1

Quat Matrix: 
1 0 0 0
0 1 0 0
0 0 1 0
0 0 0 1

Quat Matrix: 
1 0 0 0
0 1 0 0
0 0 1 0
0 0 0 1

Quat Matrix: 
1 0 0 0
0 1 0 0
0 0 1 0
0 0 0 1

Quat Matrix: 
1 0 0 0
0 1 0 0
0 0 1 0
0 0 0 1

Quat Matrix: 
1 0 0 0
0 1 0 0
0 0 1 0
0 0 0 1

Starting PMXViewer v0.1
Model loaded
Starting PMXViewer v0.1
Model loaded
Starting PMXViewer v0.1
Model loaded
Starting PMXViewer v0.1
Model loaded
Starting PMXViewer v0.1
Model loaded
Starting PMXViewer v0.1
Model loaded
Starting PMXViewer v0.1
Model loaded
Starting PMXViewer v0.1
Model loaded
Starting PMXViewer v0.1
Model loaded
Starting PMXViewer v0.1
Model loaded
Starting PMXViewer v0.1
Model loaded
Starting PMXViewer v0.1
Model loaded
Starting PMXViewer v0.1
Model loaded
Starting PMXViewer v0.1
Model loaded
Starting PMXViewer v0.1
Model loaded
Starting PMXViewer v0.1
Model loaded
Starting PMXViewer v0.1
Model loaded
Starting PMXViewer v0.1
Model loaded
Starting PMXViewer v0.1
Model loaded
Starting PMXViewer v0.1
Model loaded
Starting PMXViewer v0.1
Model loaded
